06827000
06835500
06848500
07142575
07155590
06836500
07228000
06449100
08080700
06794000
07299890
06461500
06768000
07140850
06768035
06800000
06447500
06792500
07138070
06449500
06799100
07143665
06834000
07233500
06768020
06799350
07144910
06824000
06773500
06796500
06764880
06824500
06785000
06827500
06449000
06772775
06446700
07235000
07139000
06464500
06674500
07143300
06797500
06799315
06821500
06769000
07141900
07141220
07142300
06837000
07142680
06793000
06772898
06852500
06844500
06775500
06464100
06799000
06853020
06652000
06770500
07143330
07141300
07234000
06794650
06843500
07156900
06795500
07157500
06847900
07144100
07143672
07143375
06880800
06847500
07295500
06657000
06670500
06775900
06769525
06847000
06786000
06784000
06785500
07144200
06853500
06770200
06762500
06828500
06823000
06823500
06846500
06845110
07141780
07141200
06838000
